&LATTICE
 W=         10,
 H=         10,
 L=          4,
 PBC= 3*1          ,
 LT_TYPE="s",
 RC=  1.1000000    ,
 /
&PHYSICAL
 T_MAX=  1000.0000    ,
 T_MIN=  0.0000000    ,
 DT=  10.000000    ,
 T=  200.00000    ,
 NORM_B_MAX=  20.000000    ,
 DIR_B= 2*0.0000000      ,  1.0000000    ,
 NORM_B=  10.000000    ,
 DNORM_B= 0.50000000    ,
 J_EX=  -5.5000000    ,
 NORM_S=  1.5000000    ,
 /
&MONTE
 MCS_C=       5000,
 MCS_MAX=      10000,
 /
