&LATTICE
	W = 25,
	H = 25,
	L = 10,
	PBC = 2*1, 0,
	LT_TYPE = "s",
 	RC = 1.1000000,
/
&PHYSICAL
	T_MAX      = 200.0000,
	T_MIN      = 0.0000000,
	DT         = 2.000000,
	T          = 10.00000,
	NORM_B_MAX = 60.00000,
	DIR_B      = 2*0.0000000, 1.0000000,
	NORM_B     = 10.000000,
	DNORM_B    = 0.5000000,
	J_EX       = -5.5000000,
	NORM_S     = 1.0000000,
	smp_val    = 10.5,
	norm_k     = 15.0,
/

&MONTE
	MCS_C   = 100,
	MCS_MAX = 10000,
/
